Nodes expanded: 17949

Elapsed time: 00:00:47

[1, 2, 3]
[4, 5, 6]
[7, 8, 0]

[1, 2, 3]
[4, 5, 6]
[7, 0, 8]

[1, 2, 3]
[4, 5, 6]
[0, 7, 8]

[1, 2, 3]
[0, 5, 6]
[4, 7, 8]

[1, 2, 3]
[5, 0, 6]
[4, 7, 8]

[1, 0, 3]
[5, 2, 6]
[4, 7, 8]

[1, 3, 0]
[5, 2, 6]
[4, 7, 8]

[1, 3, 6]
[5, 2, 0]
[4, 7, 8]

[1, 3, 6]
[5, 0, 2]
[4, 7, 8]

[1, 3, 6]
[5, 7, 2]
[4, 0, 8]

[1, 3, 6]
[5, 7, 2]
[4, 8, 0]

[1, 3, 6]
[5, 7, 0]
[4, 8, 2]

[1, 3, 6]
[5, 0, 7]
[4, 8, 2]

[1, 0, 6]
[5, 3, 7]
[4, 8, 2]

[0, 1, 6]
[5, 3, 7]
[4, 8, 2]

[5, 1, 6]
[0, 3, 7]
[4, 8, 2]

[5, 1, 6]
[4, 3, 7]
[0, 8, 2]

[5, 1, 6]
[4, 3, 7]
[8, 0, 2]

[5, 1, 6]
[4, 0, 7]
[8, 3, 2]

[5, 0, 6]
[4, 1, 7]
[8, 3, 2]

[5, 6, 0]
[4, 1, 7]
[8, 3, 2]

[5, 6, 7]
[4, 1, 0]
[8, 3, 2]

[5, 6, 7]
[4, 0, 1]
[8, 3, 2]

[5, 6, 7]
[0, 4, 1]
[8, 3, 2]

[0, 6, 7]
[5, 4, 1]
[8, 3, 2]

[6, 0, 7]
[5, 4, 1]
[8, 3, 2]

[6, 4, 7]
[5, 0, 1]
[8, 3, 2]

[6, 4, 7]
[0, 5, 1]
[8, 3, 2]

[6, 4, 7]
[8, 5, 1]
[0, 3, 2]

[6, 4, 7]
[8, 5, 1]
[3, 0, 2]

[6, 4, 7]
[8, 5, 1]
[3, 2, 0]

[6, 4, 7]
[8, 5, 0]
[3, 2, 1]

